
0.088357
0.107992
0.127627
0.147262
0.166897
0.186532
0.206167
0.225802
0.245437
0.265072
0.284707
0.304342
0.323977
0.343612
0.363247
0.382882
0.402517
0.422152
0.441786
0.461421
0.481056
0.500691
0.520326
0.539961
0.559596
0.579231
0.598866
0.618501
0.638136
0.657771
0.677406
0.697041
0.716676
0.736311
0.755946
0.775581
0.795216
0.814851
0.834486
0.854121
0.873755
0.893390
0.913025
0.932660
0.952295
0.971930
0.991565
1.011200
1.030835
1.050470
1.070105
1.089740
1.109375
1.129010
1.148645
1.168280
1.187915
1.207550
1.227185
1.246820
1.266455
1.286090
1.305724
1.325359
1.344994
1.364629
1.384264
1.403899
1.423534
1.443169
1.462804
1.482439
1.502074
1.521709
1.541344
1.560979
1.580614
1.600249
1.619884
1.639519
1.659154
1.678789
1.698424
1.718058
1.737693
1.757328
1.776963
1.796598
1.816233
1.835868
1.855503
1.875138
1.894773
1.914408
1.934043
1.953678
1.973313
1.992948
2.012583
2.032218
2.051853
2.071488
2.091123
2.110758
2.130393
2.150028
2.169662
2.189297
2.208932
2.228567
2.248202
2.267837
2.287472
2.307107
2.326742
2.346377
2.366012
2.385647
2.405282
2.424917
2.444552
2.464187
2.483822
2.503457
2.523092
2.542727
2.562361
2.581996
2.601631
2.621266
2.640901
2.660536
2.680171
2.699806
2.719441
2.739076
2.758711
2.778346
2.797981
2.817616
2.837251
2.856886
2.876521
2.896156
2.915791
2.935426
2.955060
2.974696
2.994330
3.013965
3.033600
3.053236
3.072870
3.092505
3.112140
3.131775
3.151410
3.171045
3.190680
3.210315
3.229950
3.249585
3.269220
3.288855
3.308490
3.328125
3.347760
3.367395
3.387030
3.406665
3.426300
3.445934
3.465569
3.485204
3.504839
3.524474
3.544109
3.563744
3.583379
3.603014
3.622649
3.642284
3.661919
3.681554
3.701189
3.720824
3.740459
3.760094
3.779729
3.799364
3.818999
3.838633
3.858268
3.877903
3.897538
3.917173
3.936808
3.956443
3.976078
3.995713
4.015348
4.034983
4.054618
4.074253
4.093888
4.113523
4.133158
4.152793
4.172428
4.192063
4.211698
4.231333
4.250968
4.270602
4.290237
4.309873
4.329507
4.349143
4.368777
4.388412
4.408047
4.427682
4.447317
4.466952
4.486587
4.506222
4.525857
4.545492
4.565127
4.584762
4.604397
4.624032
4.643666
4.663301
4.682937
4.702571
4.722207
4.741841
4.761477
4.781111
4.800746
4.820381
4.840016
4.859651
4.879286
4.898921
0.000000
0.000000
0.000000
0.000000